385.71   113  0.28
243.82    78  0.48
233.80    36  0.35
291.31   146  1.08
166.98   143  0.97
266.45    46  0.63
895.99    23  0.36
191.63   115  0.55
504.71    74  0.65
697.97   150  0.53
845.33    93  0.78
775.83    68  0.98
801.85    33  0.91
567.24    13  0.77
  8.31    83  0.13
583.96   127  0.29
148.41    77  0.99
872.51    54  0.50
538.85   106  0.75
527.89    78  0.40
495.19     5  0.31
767.58    32  0.99
 27.75    59  0.12
365.21   127  0.74
695.87   124  0.96
 86.29   131  0.50
369.82    47  0.51
 64.70   114  0.24
750.34    75  0.68
357.17     8  0.85
734.53   120  0.28
306.29    16  0.63
698.23   124  0.55
478.37    67  0.92
689.94    23  0.78
 75.54    57  0.58
714.75    75  0.96
 95.05   128  0.80
863.95    19  0.26
706.11   144  0.35
807.96    55  0.15
288.90    11  0.97
816.12   105  0.16
223.10    41  0.55
819.46    25  0.11
453.32    85  0.62
355.11   115  0.68
891.40   102  1.10
305.23    95  0.46
 21.93   141  0.54
896.58     4  1.04
 74.22    87  0.75
880.95     8  0.17
286.27    64  0.59
795.88   103  0.99
500.90    24  1.07
885.87   128  0.23
 29.92    64  0.96
362.88   124  0.21
843.17    88  0.78
165.25   138  1.00
604.20    30  0.67
431.94    33  0.48
413.75    17  0.34
325.44    79  0.30
115.62   131  1.00
401.90    52  0.58
160.28    63  1.05
 45.68    81  0.64
211.12   148  0.46
 13.95    55  0.35
204.26   130  0.31
471.11   145  0.94
 64.62    95  0.82
413.02     5  0.62
 14.72    19  0.57
383.56    22  0.94
552.71     6  0.14
753.21    56  0.14
248.77    74  0.75
 88.05    61  1.08
 79.16    56  1.03
801.20    61  0.82
496.93    83  0.76
537.78    41  0.56
573.12    95  0.51
754.61    23  0.42
545.03    32  0.64
789.64    60  0.20
 56.46   133  0.37
294.14    81  0.23
883.60    20  0.12
163.12   109  0.83
897.40   111  0.50
498.08    91  0.64
729.41    20  0.73
411.89    66  0.59
143.08    41  0.26
663.28   147  0.83
365.74   114  0.90
390.18    85  0.32
839.99    52  0.54
444.73    21  0.75
793.16   113  0.49
551.49    57  0.88
301.07    17  1.06
872.12    57  0.10
319.16    15  0.96
190.00    89  0.86
188.96    22  0.87
152.23    52  0.93
305.17    66  0.30
274.18   102  0.40
841.15    28  0.21
473.20    16  0.51
855.77   148  0.96
815.55    44  0.51
630.78   143  0.39
195.45    30  0.94
 45.70   125  1.10
415.32    95  1.06
113.37    37  0.58
825.27    76  1.06
573.84   109  0.79
278.91    87  0.98
260.78    84  0.75
802.78    92  0.74
443.11   150  0.59
838.21    27  0.65
396.76    22  0.43
405.89    91  0.42
445.82   128  0.41
468.27   130  0.25
570.83   103  0.96
636.52    90  0.61
283.92    37  0.71
287.09    55  0.90
 95.71   122  0.58
151.33   118  0.15
443.33    52  0.74
631.61    75  0.27
517.44   136  0.73
366.10    43  0.84
735.24   117  0.85
671.55    68  0.93
133.33     7  0.92
665.76   134  0.86
400.67   122  1.07
655.69    43  0.43
551.00    42  0.71
507.25    10  1.06
278.33   147  0.28
847.00    70  0.76
429.34    58  0.12
504.42    87  0.91
 60.30   127  0.49
447.92   107  0.66
829.98    51  0.57
 27.02     6  0.19
401.76    45  0.67
411.51   104  0.99
263.84    83  0.27
851.71    92  0.36
226.91   119  0.23
886.51    89  0.36
752.42    33  0.89
144.85   134  0.22
243.79   143  0.11
223.85    30  0.13
156.97    89  1.09
284.44    70  0.60
579.99     8  0.21
839.74    78  0.79
511.68   136  0.73
193.01   150  0.83
104.63   109  0.81
259.37    53  0.95
139.48    39  1.06
432.60   102  0.75
559.11    23  0.38
369.18    40  0.95
223.02    34  0.98
536.49     2  0.58
471.37    56  0.33
360.87   115  0.52
848.90    33  0.74
625.95    88  0.76
 40.88   134  0.27
323.32   117  0.23
873.29    97  0.18
591.68    75  0.27
 10.88    11  0.76
 10.14   137  0.36
162.67    71  0.67
842.70    25  0.36
471.99    18  0.81
598.27   140  0.40
617.38   147  0.10
525.82   119  0.45
789.23   125  1.08
 42.25   132  0.38
270.31    14  0.88
859.00    23  0.75
408.62    65  0.15
190.36    43  0.12
181.46    23  1.07
465.41    37  0.84
170.14    38  0.86
749.46    44  0.25
 94.35    47  0.36
 32.13     9  1.10
739.43   137  0.37
791.55    23  1.00
436.01    66  0.32
390.11     8  0.62
729.19   124  0.70
374.54    37  0.79
592.36   131  0.58
 38.99    42  0.15
536.38    94  1.03
383.18    34  0.94
669.24    76  0.78
441.28   140  1.09
495.88    74  0.70
374.16     5  0.94
410.68    57  0.34
231.82    51  0.54
485.74    81  0.41
665.90    28  0.59
425.49    87  1.04
429.00   125  0.13
501.18    59  0.46
141.93    37  0.31
114.60   149  0.39
668.03    28  0.28
399.92   150  0.88
 24.47    86  0.16
672.45    42  1.08
680.11     5  0.41
564.68   143  0.13
518.35    45  0.38
 89.31     3  0.18
417.93   133  1.10
100.26    84  0.26
 64.72   140  0.66
525.80    43  0.10
530.88    34  1.01
402.31   120  0.54
 79.64   111  0.36
691.23   133  0.32
154.82   133  0.97
790.45   134  0.14
776.91   107  0.87
 90.80     7  0.70
 32.90    55  0.37
573.20    13  0.96
391.46    56  0.18
630.12    26  0.74
 85.43   135  0.98
110.66    46  0.23
474.86   126  0.27
476.14    33  0.10
607.87    62  0.97
112.69   132  0.27
234.62    19  1.02
278.97    13  0.17
785.57    68  0.58
873.69    62  0.39
633.10    92  0.60
797.52   111  0.52
258.40   141  0.37
517.02    99  0.29
 60.01    42  0.73
240.76   109  0.62
665.55    25  0.57
335.88    83  0.76
195.93    23  0.22
215.60    77  1.07
215.45    93  0.45
454.87   117  0.94
  7.51     7  1.00
548.91    99  0.96
803.03    80  0.86
748.04   141  0.37
161.21    98  0.95
 46.33    44  1.02
680.10    80  0.72
281.13   111  0.19
829.68   146  0.87
141.75    19  0.61
147.02   100  0.38
264.25    92  1.08
349.83    51  1.06
 39.95    24  0.69
224.86   117  0.87
379.36    78  0.65
578.17    47  0.14
776.90    17  0.55
886.62   134  0.76
 62.36    95  0.84
375.42    22  0.18
127.06     5  0.39
101.95   126  0.72
820.44     9  0.38
463.72   148  0.84
696.38   134  0.80
312.29   120  0.51
667.15    84  0.14
222.76    65  1.02
259.52    90  0.50
511.83   133  0.88
 58.53    64  0.23
621.18   121  0.74
679.36   124  0.54
167.39   141  0.90
415.92   111  1.05
148.88    78  0.11
746.84    41  0.50
585.01    47  0.57
450.93   115  0.91
186.30    15  0.54
155.16    67  0.89
 73.53   141  0.67
811.34    15  0.55
479.76   129  0.72
 28.84   127  0.41
437.75    65  0.75
  8.66   103  0.64
582.52   149  0.19
156.31    56  0.58
685.81   104  1.01
480.43    58  0.45
306.34    14  0.87
111.28   134  0.47
 27.14    63  0.52
854.73    21  0.93
349.06   114  0.94
294.34   144  0.61
265.48    98  0.86
612.32    34  0.30
202.82    78  0.30
669.29    32  0.52
  3.58    78  0.80
519.47   108  0.31
849.88   105  0.42
601.67    70  0.88
298.25   108  0.84
840.46   116  0.46
854.90    15  0.57
757.70    37  0.74
360.96    52  0.57
133.37    69  1.07
410.83   107  0.63
772.96    21  0.42
744.78     3  1.08
610.76   149  1.10
280.48    43  0.79
320.80   107  0.88
796.04   134  0.50
375.23    26  1.05
547.63   125  0.86
674.78    35  0.36
860.73   113  0.56
356.99   129  0.25
 92.49   147  0.15
375.11     7  0.38
203.16   130  0.29
520.64    43  0.33
490.71   146  0.66
142.83   107  0.47
427.10    33  1.00
525.26   128  0.60
798.42   143  0.83
584.62     3  0.30
448.27    61  0.22
714.26    66  0.67
584.44   136  0.51
 52.98    38  0.90
588.65   141  0.48
350.15    55  1.03
 54.26    26  0.94
359.97    63  1.02
 86.67    74  1.00
158.12    84  0.97
338.38   109  1.07
634.11    85  0.36
  7.55   134  0.90
487.01    53  0.78
791.81    62  0.99
290.36    97  0.37
713.24    92  0.86
467.72     7  1.06
635.37    30  1.03
388.81    76  0.93
402.97     1  0.76
647.10    22  0.22
817.88    29  0.45
760.00    32  0.91
860.56    77  1.09
 97.69   141  0.77
157.85   129  0.91
  1.11    52  0.16
163.00    32  0.23
265.20   140  0.26
541.07     7  0.48
409.92    69  0.93
690.93    59  0.16
579.57   116  0.39
777.62    62  0.50
339.54    42  0.50
584.78   125  0.49
252.78    49  0.56
517.96    14  0.14
579.73   103  0.78
661.07    97  0.44
645.68   110  0.87
166.23    97  0.71
708.59    78  0.30
 20.92    67  0.23
354.09    41  1.09
423.83    92  1.03
504.48   127  0.15
 75.35   137  0.36
234.73   133  0.14
724.10    90  0.83
661.50    11  1.06
285.90    41  0.31
327.15    43  1.05
145.16    99  0.28
146.78    89  0.74
582.30    38  0.63
 88.00   117  0.39
494.29   138  0.55
363.63   105  0.32
  4.66   106  0.83
 17.33    57  0.72
461.23    97  0.25
615.96   112  0.29
612.36     4  0.39
 47.30   121  0.87
623.89    45  0.24
486.90    39  0.42
 67.45   126  0.42
176.80    28  0.10
730.19   132  0.10
662.58    41  0.46
600.20    79  0.38
 60.74    30  0.78
560.42   127  0.90
422.96    77  0.61
789.70   143  0.89
210.29    61  0.97
421.10    64  0.76
239.22   145  0.76
484.31    32  0.79
385.90     5  0.19
423.73    86  1.05
325.59    69  0.83
663.85    91  0.72
594.39    60  0.43
538.27     6  0.93
786.40    14  0.32
828.15    91  0.49
455.72    57  0.41
874.49   110  0.11
231.08    47  0.53
230.95    96  0.64
626.04   124  0.36
566.18    60  0.92
636.36    18  1.02
862.61   143  0.15
337.99     3  0.15
409.81   124  0.70
559.47    81  0.13
394.46     8  0.37
303.89    50  0.60
124.37    32  0.91
226.50   135  0.30
  7.90    71  1.10
275.33    29  0.84
553.48    49  0.20
369.08    27  0.61
245.54   127  0.56
135.76   138  1.05
660.22   125  0.97
779.47    51  0.53
894.05    37  0.72
340.19   144  0.11
373.81    90  0.86
622.01    53  0.17
170.10   145  0.94
295.03    15  0.16
824.52   138  0.57
737.29   131  0.80
464.18     7  0.21
376.27   116  0.91
255.34   137  0.14
819.26    43  0.67
761.13   104  0.36
219.20    25  0.26
469.71    94  0.76
833.12    81  0.70
812.09    39  0.33
 26.54    93  0.83
472.51    25  1.03
680.50   149  0.23
 66.76   120  0.12
455.01    94  0.77
483.79   122  0.43
546.23    85  0.59
176.60    15  0.62
666.57   101  0.47
662.79   114  1.07
375.72    89  0.15
364.34    86  0.74
406.00    26  1.04
724.33    95  0.60
312.90    79  0.60
689.06    96  1.02
171.56   124  0.22
774.95    32  0.92
663.72    50  1.03
463.73    49  0.53
130.79   106  0.85
346.13    78  0.17
 59.38   109  0.67
547.36   128  0.81
745.27    27  0.51
373.70   132  0.83
355.87    74  0.87
109.17    55  0.96
173.41   120  0.51
123.87    24  0.72
781.42    99  0.83
570.19    56  0.78
730.23    66  0.13
316.44    34  0.50
702.35    70  0.51
268.44   126  1.07
 80.04    86  0.63
356.58    81  0.23
 19.39    70  0.75
168.20     4  0.39
599.36   113  0.83
879.69    63  0.99
593.03    17  1.09
870.06    47  0.42
371.36    57  0.13
404.55     1  0.54
667.99     1  0.92
755.66   121  0.52
701.74    35  1.06
303.40     9  0.65
 75.01   115  0.56
275.26   100  1.00
794.04   149  0.51
851.22   109  0.86
514.76    83  0.47
 15.21    39  0.19
897.31   146  0.69
439.56    43  0.23
215.19    37  0.65
149.49    88  0.96
170.29    10  0.64
202.66    43  0.59
623.42    12  1.01
321.53   146  1.04
368.92     7  0.63
138.30   106  0.64
 77.24   129  0.35
130.54    31  0.51
500.80   146  0.30
 35.20   120  0.94
464.19   125  0.79
724.97    69  1.08
843.70    99  1.01
279.25    85  0.53
639.93    80  0.29
774.77   134  0.47
152.67    14  0.57
 78.36    14  0.82
246.20    75  0.76
295.70   142  0.55
390.43    13  0.19
358.79    19  1.00
256.16   115  0.88
101.14    90  0.66
881.37    87  0.60
274.28   111  0.10
124.93    51  1.05
730.50   114  1.01
784.43    81  1.02
874.91    17  0.79
340.69   133  0.81
 43.89    53  0.85
793.81    31  0.63
787.61    59  0.73
541.35   104  0.83
129.77   125  0.21
547.56    45  1.10
710.15    83  0.34
178.35    21  0.97
168.73   136  0.75
857.79    14  0.46
450.34    44  0.92
398.78   100  0.60
660.59    91  1.07
776.85    12  0.51
500.77    20  0.79
864.38    82  0.42
105.07   130  0.72
202.70    14  0.22
514.98    57  0.46
598.38    25  0.17
632.96     3  0.64
272.64   146  0.24
695.18   100  0.38
223.48   136  0.84
897.08     9  0.64
435.75    25  1.07
456.05    81  0.32
134.78   126  1.06
731.06     9  0.38
 64.43   139  0.98
348.39    94  0.45
605.46    89  0.41
479.93    80  0.22
618.57    61  1.01
605.40    91  0.76
599.60    35  1.10
659.00    83  0.29
611.00   119  1.04
270.77     9  0.15
521.34    37  0.88
844.73    19  0.59
810.21    64  1.06
 29.35    32  0.42
 52.26    80  0.64
581.27   139  1.09
820.24    49  0.48
 49.01   129  0.92
766.53    26  0.26
464.87   108  0.84
 83.83    33  0.29
757.63    49  0.61
 95.15    19  0.95
262.06    19  0.19
293.41   122  0.97
385.18    92  1.06
 74.78    23  0.39
820.15    69  0.47
667.15   140  0.81
452.88    22  0.35
533.13    65  0.96
434.72    31  1.02
848.88    81  0.77
 55.56    62  1.02
460.56    58  0.45
670.60     4  0.16
839.19    53  0.48
867.36    64  0.75
506.05    39  0.66
762.72   149  0.57
421.02   104  0.30
575.19    85  0.45
136.20    94  0.24
301.70    73  0.66
539.69   134  0.66
769.00    94  0.96
557.32    53  0.45
886.89   119  0.47
661.14    46  0.24
566.05    61  0.93
434.77    32  0.92
384.44   145  0.84
511.58   109  1.05
832.83    34  0.46
341.59    65  0.61
489.97    70  0.22
 89.66   116  0.65
 67.38    92  0.69
830.15    87  0.96
369.79    60  0.78
301.73    75  1.09
185.52    96  0.28
779.97   112  0.17
649.20     2  0.36
160.94    18  0.65
394.90    90  0.20
 21.30    13  0.75
265.27   105  0.37
790.61    84  0.73
660.95    78  0.43
642.49   104  0.60
490.34    37  0.59
605.59    53  0.41
 52.44   139  0.95
 39.56    53  0.44
723.29    19  0.11
307.42   142  1.10
572.82    54  0.28
474.52   101  0.60
802.26   104  0.68
  9.06    45  0.58
323.93    26  0.54
 44.70    85  0.49
305.80    16  0.38
114.25   149  0.78
736.59   146  0.38
585.95   107  0.82
520.07    80  1.10
169.44   150  0.38
526.94   140  0.35
198.27   105  0.43
177.60   133  0.54
709.50    91  0.47
477.43   128  0.19
790.26    10  0.89
 37.20   142  0.99
452.91    88  0.30
389.54    56  0.84
341.35   109  0.46
322.02    14  0.46
109.48   142  0.68
543.23    14  0.93
314.20    73  1.09
 61.38   129  1.08
730.54    84  0.97
621.47   135  0.94
 57.38   125  0.51
366.65   148  1.09
 14.88    26  0.71
202.81   119  0.46
898.24    31  0.42
688.46    42  0.36
537.02   129  0.28
587.92    34  0.46
570.91   138  0.57
554.49    99  0.76
858.55    91  0.55
647.57   146  0.82
372.57   150  0.83
428.88    15  0.38
715.34    84  0.95
347.94    16  0.85
519.23    63  0.65
117.96    16  0.94
 95.63    63  0.65
694.19    11  0.13
884.25    77  0.65
457.45   107  0.46
100.58    20  0.58
761.75    66  0.28
847.60    27  0.66
 91.21    82  0.45
117.18   116  0.45
 88.91    70  0.41
785.21     9  0.58
323.31     4  0.67
467.61    85  0.85
625.24    83  0.28
235.49    56  0.21
459.56    97  0.62
801.86   136  0.65
735.78    27  0.17
835.22    65  0.94
 55.29   150  0.96
710.55   134  0.20
 25.93   127  0.47
660.97    17  0.91
560.11    64  1.01
 24.21    59  0.53
633.49   112  0.26
279.83     2  0.41
639.01     5  1.03
163.53     8  0.13
875.39    65  0.72
829.34   111  0.45
744.75    38  0.46
 93.26    60  0.91
318.68   118  0.82
227.57    43  0.10
182.96     7  0.16
636.45   145  0.59
726.91   100  0.18
888.18    93  0.51
246.70    62  0.44
286.69    62  1.09
756.70    22  0.74
262.07    91  0.12
343.44    43  0.85
242.04    25  0.70
595.64   130  0.82
201.30   108  0.89
581.22    12  0.87
817.33    72  0.84
690.99     3  0.14
278.46    59  0.18
774.12    38  0.76
512.10    81  0.34
678.15   149  0.38
752.59   135  0.68
756.64    61  0.98
244.45     2  1.05
371.24    76  0.56
290.31    89  0.24
600.45   116  0.24
365.27   148  0.80
838.29    55  0.35
 34.51   141  0.92
631.82    24  0.81
865.76   126  0.22
649.54    92  0.28
 51.40   141  0.14
524.56   107  0.13
219.98    96  0.16
820.50    75  0.64
773.61   141  0.84
282.39   124  0.63
 17.96   105  1.01
 93.74   125  1.03
858.33     8  0.30
159.01   142  0.23
341.69   104  0.88
224.24    71  0.77
810.41    72  1.09
230.71   105  0.12
261.23    65  0.90
209.05    87  0.52
584.09    86  0.80
652.84    44  0.29
408.06    55  0.38
514.37   148  0.71
 41.52   125  0.16
539.33    49  0.88
628.41   135  0.21
884.00   108  0.76
446.90   149  0.81
358.78   130  0.54
593.48   122  1.05
171.59    36  0.34
264.13     5  1.05
235.03   145  0.63
 97.33   143  0.59
286.04    15  1.03
203.80     5  0.51
234.58    51  0.74
561.03    33  0.43
111.84    25  0.71
801.38    51  0.32
462.51   127  0.40
573.97   147  0.13
  2.74   132  0.37
167.58    96  0.54
536.96    68  0.39
486.46    64  0.15
513.62     9  0.27
819.16    38  0.83
567.89    96  0.58
851.50    37  0.21
148.41    69  0.76
  4.89    95  0.26
394.60   122  0.34
336.10   137  0.16
254.62   137  0.58
887.40   126  0.12
391.75    97  0.27
 53.34   103  0.99
583.00   106  0.28
523.69    67  0.34
502.69   141  1.07
 34.56    80  0.30
875.74    38  0.63
621.64   115  0.38
708.83   134  0.22
677.17    86  0.57
720.17   128  0.32
898.76    10  0.87
565.41    69  0.68
486.41   138  0.26
759.37   107  0.71
864.30    96  0.77
787.11    88  0.50
330.87   108  0.54
735.07   103  1.09
315.55    49  0.96
624.94    25  0.88
861.31   118  0.84
531.33    44  0.82
 29.16    49  0.63
453.09   118  0.29
191.66    60  1.00
 18.46   101  1.10
434.29    71  0.14
556.21    67  0.77
 11.84     4  0.41
671.46   109  0.80
537.46   103  0.31
441.40   120  0.26
324.96   124  0.88
463.44    66  0.51
289.27    98  1.03
574.64    74  0.12
669.37   105  0.99
 46.32    56  0.10
219.29   135  0.98
577.55    33  0.57
670.92     1  0.54
413.94    80  0.27
741.05    79  0.94
701.12    15  0.28
354.79    13  0.97
559.16    62  0.75
740.11   115  0.28
690.22    11  1.04
843.27    92  0.83
749.54   108  0.98
493.50   101  0.54
352.73    35  0.69
248.09    89  0.81
 47.46     5  0.93
 38.74    59  0.89
576.15    97  0.80
787.54    68  0.79
830.49    47  0.44
471.92    39  0.47
681.11    62  0.86
683.34    35  0.68
245.85   138  0.32
430.73   108  0.31
744.85    11  0.40
113.89    64  0.31
878.65    16  0.57
333.52   106  1.04
260.67    78  0.82
874.30    51  0.54
773.95    10  0.22
138.54   135  0.84
752.92    46  0.88
853.41   130  0.54
325.24    73  0.20
547.38    10  0.26
538.58    46  0.22
 29.62    33  0.65
702.28    24  0.67
 58.84   133  0.41
 98.51   139  0.94
486.03    77  0.58
314.64    25  0.73
637.34    62  0.38
295.13    64  0.76
786.35    70  0.26
897.23    73  0.66
266.22    73  0.27
885.16   136  1.05
353.25    27  0.72
115.02    86  0.55
628.17    86  0.61
428.78    71  1.01
675.79    78  0.78
146.31   128  0.44
782.41    85  1.03
781.09    58  0.80
499.26   119  0.53
850.82   122  0.95
 73.01    92  0.55
573.46   135  0.63
536.41   133  0.48
618.63    19  0.78
110.56    20  0.88
495.05    54  0.32
880.45   131  0.34
340.15   122  0.38
368.39     5  0.45
377.26    36  0.68
205.25   100  0.24
722.22   128  0.64
145.13   144  0.29
663.17    49  0.66
744.96   102  0.32
490.67    47  0.48
 81.74    27  0.21
121.61     9  0.74
251.25    90  0.15
779.75   134  0.29
819.62     3  0.50
592.21   150  0.63
711.40    33  0.42
681.65    66  1.04
826.05    78  1.00
637.40    74  0.91
361.70   129  0.72
 57.07    59  0.56
346.65    23  0.70
734.28    38  0.15
868.97    89  0.94
436.82    31  0.59
316.28    17  0.77
581.08    85  0.97
856.47    55  0.21
745.28   136  1.02
 37.79   133  0.62
675.41   143  0.26
779.85    64  0.16
672.87    59  0.92
732.85    89  0.55
767.22    83  0.25
783.55    95  0.50
716.13   101  0.68
464.09    46  0.55
  6.15     3  0.13
389.12    39  0.52
891.78   122  1.05
 98.95   135  0.13
 16.66   138  0.16
844.26    70  0.53
742.97     7  0.42
532.50   118  0.96
306.09    17  0.64
637.37    10  0.76
271.51     3  0.63
550.32   103  0.28
269.63   135  0.94
806.38   147  0.71
604.92    51  1.03
  7.94    53  0.73
516.05   118  0.14
 26.59    76  0.64
299.10    65  0.85
 38.81    85  0.54
 31.42    70  0.53
189.89     8  1.03
170.68     4  0.39
506.44    64  0.93
391.74    15  0.50
111.51    53  0.68
583.17    44  1.03
464.16   105  1.05
265.21    12  0.28
350.86    13  0.17
489.87     4  0.56
 20.64    31  0.39
130.88   106  0.23
474.82    87  0.76
278.20   138  0.29
872.44    79  0.12
120.83    78  0.55
746.79    28  0.28
705.04   146  1.04
515.73   132  0.70
441.94    77  0.95
 97.74    22  0.21
352.27   149  0.24
293.81    69  0.36
491.67   119  0.93
138.88    26  0.74
235.01    65  0.61
750.95   121  0.15
577.15    90  0.68
254.91    65  0.55
731.70    78  0.93
417.75    44  0.93
222.34   146  0.85
775.56    73  0.76
771.74    28  0.50
 40.07    93  0.34
884.94   149  1.09
646.71    58  0.77
261.49    91  0.48
519.12    12  0.11
549.15    29  0.88
805.34   149  1.06
576.94     6  0.39
562.39   136  0.36
747.44   107  0.47
831.22    74  0.89
428.49    73  0.15
555.29   147  0.82
242.46    65  1.03
386.73   119  0.77
561.99   106  1.04
175.29    65  0.19
857.82    97  0.11
132.94   145  0.11
305.74    42  0.31
251.14   109  0.83
135.50   129  0.17
698.27    81  0.16
485.34   133  1.03
 58.91    27  0.89
458.62    83  0.58
386.11    52  0.65
591.26    64  0.17
376.50    21  0.31
867.51    60  0.51
702.57    37  0.54
105.09    91  0.90
344.16   112  0.42
107.86    18  1.03
416.51   101  0.49
 31.56    55  0.51
798.96    56  0.35
440.66    28  0.43
484.75     8  0.29
181.20    24  0.75
336.02    34  0.35
462.21    10  0.27
177.56    86  0.56
241.88   117  0.86
463.37    69  0.14
290.15   105  0.75
467.85   137  0.98
131.73    55  0.80
546.13    98  0.47
368.30   101  0.55
633.88    59  0.45
858.09   143  0.92
309.55    75  0.29
 94.31    92  0.92
405.36   112  0.86
310.22    83  0.13
690.53   122  0.60
 32.39    40  0.11
828.57   148  0.86
183.19    45  0.74
288.96   133  0.51
607.95    54  0.51
364.77    53  0.35
387.94    11  0.99
191.68   148  0.79
896.13    35  0.59
279.27    30  0.76
 20.61    60  0.74
282.60    95  0.78
885.87    40  0.69
544.56   115  0.48
593.42    78  0.53
447.19    41  0.29
881.91    88  0.34
322.09   140  0.49
320.72    22  0.81
653.22    94  0.99
 75.90   128  0.90
312.07     1  0.50
184.33   143  0.13
 92.00    60  0.11
184.97   145  0.57
 62.89    28  0.64
102.55   146  0.22
887.16   142  0.11
  1.12    20  0.91
309.77    98  0.46
602.44    31  0.14
785.37    82  0.38
281.36    63  0.84
300.38   101  0.97
452.87   146  0.31
793.58    44  0.48
719.32    79  0.45
453.33   127  0.70
790.40   143  0.67
899.71    84  0.15
790.86   115  0.53
 57.36    77  0.35
747.17   102  0.73
 32.26   143  0.49
644.39    91  0.45
736.50   109  0.14
131.64    33  0.20
873.96    15  0.11
582.18    94  0.74
492.59    26  0.24
482.98    21  0.51
734.75    81  0.98
738.97     8  0.53
564.71   137  1.02
508.75   119  0.23
521.30   103  0.49
 33.85     8  0.51
268.69    79  0.77
564.76     3  0.63
568.32     9  0.99
240.66   131  0.53
862.40    65  1.08
464.34    56  0.48
847.81    90  0.96
468.85     7  0.49
 19.39    94  0.24
731.95    53  1.03
767.19   137  0.91
764.85    73  0.72
 37.07    45  0.95
488.96    42  0.28
447.04    24  0.95
863.32    16  0.91
893.00    97  0.54
576.47   121  0.47
521.25    10  0.30
236.53   103  0.80
337.47   130  0.88
855.43   132  0.86
 83.72   109  0.30
 90.53   127  1.03
248.51    31  0.77
554.79    16  0.35
 68.70   108  0.21
140.44   126  0.94
812.54    10  0.65
865.76    47  0.16
568.98   103  0.90
393.17     3  0.38
498.86    99  0.96
678.47   117  0.90
664.72    53  0.77
777.26   122  0.21
694.40    51  1.06
448.12    84  0.81
 86.57    60  0.59
497.24   141  0.46
703.65    85  0.46
618.77    38  0.32
435.01    12  0.79
722.39   120  0.23
170.10   124  0.21
858.33   149  0.97
406.42   116  0.50
239.53    37  0.27
181.89    14  1.03
586.83   147  0.29
151.30    60  0.82
863.26    29  0.49
476.23   121  0.26
639.23    90  0.79
773.78    97  0.79
642.81    35  0.74
888.63    78  1.06
396.98    81  0.18
826.23    94  0.65
707.62    22  0.20
494.61    42  0.27
400.03   138  0.98
357.54   111  0.49
488.69    49  0.81
369.03   136  0.54
274.27   125  0.38
246.72    81  0.73
401.94    96  0.83
245.26    37  0.34
472.35    64  0.57
881.10   105  1.01
565.01    81  0.80
438.60     9  0.34
856.69    17  0.65
371.02    14  0.17
593.98   139  0.59
 17.26    77  0.84
467.23    84  0.26
612.96    21  0.21
850.37   118  0.73
869.62   128  0.27
144.08    44  0.95
761.77   133  0.10
764.84    83  0.89
457.06   106  0.29
185.61   131  0.86
872.87   135  0.58
188.15    73  0.70
531.22     8  0.39
848.95    28  0.73
 59.46    28  0.72
424.18    52  0.95
278.79    69  0.39
464.85    90  0.61
240.59    52  0.88
898.35    65  0.70
 74.79    53  1.03
278.74    24  0.17
557.06   115  1.02
247.24    90  0.44
137.52   141  0.41
720.07    93  0.24
606.34   142  0.77
874.30    82  0.99
390.42     3  0.30
682.14   121  0.22
109.98   115  0.54
370.05   130  1.04
824.04     8  0.81
293.67    83  0.14
420.41   105  1.01
413.43    34  0.18
785.63    12  0.58
722.90    35  0.61
503.35    84  1.08
650.62    77  0.14
597.49    67  0.18
858.65    46  0.55
183.04    72  0.95
136.59    70  0.55
353.03    63  0.11
  3.71   101  0.30
  3.17    72  1.02
247.87    55  0.89
670.55    43  0.74
432.23    68  0.28
764.82    53  0.61
758.43    75  0.26
700.03   150  0.15
149.89    80  1.04
536.92   136  0.34
167.62    25  0.78
701.32    54  0.68
244.86   132  0.46
362.99    83  0.31
183.11   137  0.25
810.75    35  0.39
578.09    74  0.51
185.07    82  0.18
 75.38   146  0.72
325.77    99  0.14
376.80   127  0.56
779.49   109  0.71
313.82   101  0.24
397.74   101  0.23
818.38   142  1.01
615.21    83  0.35
 79.24    76  0.71
384.73   116  1.07
719.13     6  0.59
252.94    79  0.99
482.61    43  0.62
279.45   142  0.31
830.06    13  0.58
 57.63    59  0.12
 42.95   134  0.29
460.96   111  0.70
139.75   150  0.10
688.20    78  0.52
627.50   144  0.33
688.17   120  1.05
 50.89   131  0.69
302.71    51  0.11
799.20    31  0.18
542.97    29  0.11
435.55    50  0.50
105.16    20  0.54
568.02   103  0.69
572.70    56  0.52
747.51    68  0.38
598.81   104  1.02
295.97   117  0.64
774.93    76  0.32
731.79     8  0.76
570.80   147  1.00
557.26    97  0.84
110.12    81  0.71
890.67   100  0.48
 42.21    61  0.69
825.02    49  0.49
234.76   133  0.97
647.14    85  0.22
187.96     3  0.92
818.71   105  0.63
281.51    35  0.39
862.93    26  0.88
380.01   115  0.87
250.86    92  0.34
105.91   140  0.82
678.33    64  0.36
587.91     5  0.42
  9.41    30  0.52
898.27    99  0.22
118.81   116  0.29
191.48    37  0.89
680.73   139  0.41
472.88    18  0.76
272.30   119  0.30
414.33    99  0.54
887.57    43  0.10
287.21   141  0.29
857.66   109  0.11
 73.29   144  0.20
 91.90     6  0.67
367.48    32  0.68
388.21   147  0.38
416.55   148  0.81
617.55    87  0.13
225.76    79  0.31
159.01    39  0.20
 91.18    89  0.30
 61.80    95  0.66
897.84    22  0.16
545.77    62  0.97
547.08   144  0.84
214.72   111  0.13
411.10    28  0.57
602.57    25  0.15
200.16   109  0.74
 54.74     2  1.06
816.62    16  1.10
859.71    79  0.60
549.00   132  0.24
104.53   124  1.04
182.12    40  0.83
516.62    94  0.96
659.44   119  0.42
898.27     6  0.96
404.56    47  0.93
852.74    14  1.00
328.27   140  1.08
481.11    29  0.11
152.16   104  0.53
 91.62    63  0.10
 89.62   138  0.33
686.96   128  0.11
 49.38    79  0.83
302.85    76  0.29
235.17    19  0.86
738.64    37  0.71
719.61   142  0.51
889.34    84  0.87
493.58   124  0.74
205.74   122  0.79
356.50    23  1.06
417.56   121  0.79
640.31   146  0.26
746.63   109  0.25
321.21   118  1.05
864.02   123  0.46
788.88    91  0.59
496.01   143  1.02
 58.73    51  0.51
783.65    92  0.35
798.98    40  0.56
446.33    50  0.81
 97.58   111  1.02
 41.42    59  0.57
845.03    78  0.76
507.72    62  0.68
682.92   132  0.51
777.05   121  0.85
735.47    53  0.28
828.20   142  0.31
490.69    85  1.09
708.65    55  0.55
793.82    66  0.30
364.55    70  0.53
 58.96    48  0.94
291.94    48  1.05
787.84    33  0.94
228.67   145  0.29
240.78   128  0.39
280.55   105  0.87
273.68    65  0.41
698.03    79  0.86
449.60   102  0.45
424.97   130  0.58
254.27    79  0.72
489.96    13  0.54
713.60   120  1.02
374.40    82  0.87
701.58     7  0.74
 14.63   134  0.19
338.22    51  0.56
430.52    58  0.30
372.39   119  0.12
561.06     2  0.60
 67.71    21  0.51
244.07   126  0.23
539.85     1  0.66
444.99    89  0.38
436.00    82  0.54
746.62    91  0.84
544.70    66  0.64
 80.12    28  0.45
866.51    58  0.41
 97.16   112  0.61
139.04   118  0.67
588.50    28  0.75
259.92    87  0.71
 77.23    48  0.14
379.93    73  0.68
455.11     5  0.44
758.90    98  0.91
426.73    87  0.40
279.81    97  0.58
 95.31    49  0.53
635.55   140  0.72
280.60    47  0.26
642.56   138  0.77
533.15   135  0.27
503.32   141  0.29
621.69   106  0.13
144.42    51  0.57
191.14    77  0.59
453.34    24  0.78
  0.71    30  0.34
888.66    54  0.85
355.78    78  0.21
838.78    60  0.95
159.57   129  0.79
311.08    50  0.13
304.92    43  0.70
420.10   128  0.80
297.23    55  0.44
386.14   127  0.57
557.51    68  1.01
609.26    35  0.63
303.85     7  0.12
626.39    81  0.29
139.77    11  0.86
115.88    80  0.26
301.13    20  0.32
 98.08   139  0.21
113.01    99  0.44
277.25    29  0.75
716.58   132  0.89
546.21    77  0.75
617.55    20  0.47
 49.93    26  0.84
516.41    19  0.13
842.01     7  0.42
845.20   140  0.42
525.54     5  0.89
239.30    33  0.24
147.91    50  0.67
  4.71   101  0.68
718.98   120  0.66
  2.28   101  0.62
432.29    79  0.55
538.94    70  0.95
228.18    92  0.91
716.68   129  0.89
387.03    58  0.20
 81.93   108  0.95
 49.30    34  1.09
779.37    19  0.26
701.87    79  0.51
161.23    81  0.23
859.78   141  0.80
735.38   114  0.22
682.27    60  0.29
657.42    53  0.16
781.26   136  0.18
472.42   129  0.25
185.96    23  0.39
532.03    15  1.04
320.16    41  0.31
469.35   137  0.38
338.04   119  0.81
189.90    76  0.36
358.54    25  0.60
852.15     4  0.99
883.60    29  0.48
694.42     8  0.61
619.67    40  0.29
 52.55    62  0.10
541.97     7  1.00
591.69    49  0.16
845.51   139  0.44
804.72   106  0.34
512.80    42  0.83
577.87    55  0.23
 81.45    28  0.51
133.30   133  0.86
227.81    59  1.07
417.99   136  0.44
666.27    93  0.62
713.48    55  0.45
 45.91    91  0.31
463.55    24  0.66
710.24   119  0.68
740.52   144  0.11
106.88    61  0.61
842.13    26  0.62
713.98   126  0.22
454.90     5  0.45
823.18   119  0.61
389.97    75  0.98
325.64    13  0.45
190.22    41  0.75
130.48    83  0.13
654.22    13  0.36
459.88    94  0.75
657.98   119  0.89
696.34   134  0.80
508.06    40  0.11
853.03    72  0.40
556.15    76  0.46
 12.92    82  0.14
248.72    73  0.84
 13.11    67  0.66
592.74    31  0.70
760.74    29  0.28
505.36   118  0.37
438.00   128  0.41
791.01    10  0.96
615.59    81  0.66
585.54    45  1.05
532.18    22  1.07
285.78     2  0.97
594.49    86  1.02
671.27   150  0.73
702.11    34  0.13
111.51   139  0.52
 66.85    42  0.20
118.31    42  0.88
666.60    86  1.09
708.30   115  0.86
335.85   134  1.09
 66.85    40  0.64
386.49   137  1.09
553.98    12  0.47
469.00   136  0.16
384.15    48  0.70
113.29    51  0.27
 45.81    49  0.50
196.46    53  0.14
 96.32    50  0.76
437.80    37  0.66
265.73    10  0.96
724.21    72  0.97
539.33    33  0.44
606.50    32  0.55
737.27    59  0.90
127.14    53  0.78
550.30   139  0.43
876.47    81  1.02
 21.82    10  0.59
494.39    70  0.49
607.23    40  1.10
 21.95    45  1.09
 66.40   138  0.24
325.23     9  0.83
  5.50   119  0.51
251.07    55  0.48
246.71   118  0.24
496.40    68  0.98
376.42    35  0.84
466.49    77  1.02
398.05    67  0.48
598.22    71  0.81
520.01    37  0.78
724.29   117  0.59
175.97   148  0.63
123.70    58  0.53
849.59    65  0.29
842.97    97  0.30
678.22    51  0.53
476.75    15  0.89
258.85    82  0.99
156.48    24  0.24
514.20    36  0.14
877.99    41  0.50
597.20   134  0.20
226.40     2  0.52
258.14   142  0.63
701.87     4  0.53
 20.62   128  1.09
650.27    26  0.87
132.46    55  0.56
315.19   121  0.70
723.76    29  0.64
671.07    43  0.33
211.48    65  0.79
746.48    48  1.08
773.75    40  0.62
 11.65   133  0.34
  4.37   141  0.92
773.57   130  0.66
898.77    27  0.53
141.44    77  0.93
387.71   122  0.28
795.20    20  0.97
743.34   128  1.01
233.30   112  0.99
336.24    90  0.90
591.25    74  0.79
712.48   145  0.75
184.67    62  1.03
432.00   114  0.94
207.77    42  0.47
651.82    61  0.41
725.23    43  0.77
229.80    93  0.98
762.81   130  0.44
673.69    91  0.30
112.64    75  0.82
674.50    47  1.02
776.21   102  0.55
 86.36   128  0.55
107.31    89  0.88
452.89    94  0.59
140.13    95  1.04
274.12     1  0.26
874.81    94  0.58
444.62    80  0.95
836.95   117  0.10
510.33   117  0.76
721.82    51  1.04
113.86    45  0.21
866.84   101  0.29
631.15    35  0.75
264.71    32  0.67
509.68    58  1.02
129.47    45  1.01
540.73   124  0.96
816.41    52  0.94
 24.12   123  0.98
875.06    79  1.06
588.28    39  0.65
201.69   126  0.44
345.73    55  0.31
426.95   106  0.22
684.33    77  0.69
793.32     9  0.26
 17.57     8  0.21
746.95    76  1.00
 70.17    49  0.46
873.98    62  0.74
598.69    10  0.67
679.16    79  0.40
666.35   118  0.82
643.88    94  0.43
840.82   139  0.86
844.25    16  0.55
601.00   147  0.10
310.88    57  0.54
404.14    22  0.42
430.43    87  0.84
228.48     1  0.54
708.83   117  0.52
873.04   120  0.55
290.55    63  0.70
623.95    97  0.87
  4.34    61  0.52
574.36   120  0.49
573.04     9  0.65
771.16    16  0.32
653.29   107  0.71
832.06     4  0.38
635.87    98  0.30
387.23     5  0.17
401.77     5  0.49
107.84   132  0.14
 41.92    44  0.73
 55.15    99  0.75
327.19    53  0.65
804.02    14  1.09
237.66    52  0.83
365.42    44  0.87
632.54   148  0.22
225.97    80  1.03
527.65     7  0.10
625.34    96  0.73
328.37    71  0.73
886.07    43  1.05
678.97    36  0.62
 45.84    72  0.49
114.91    83  0.95
652.40   138  0.93
305.70   125  0.24
721.11   113  0.52
  1.14     5  0.64
117.46     3  0.43
219.28     5  0.11
528.53    78  0.78
